[shopIcon.JPG]
filters=finetune2=1,0.169591,0.000000,0.185263,00000000,0.000000;
moddate=842699155606da01
width=269
height=279
textactive=0
